%YAML:1.0
---
body_T_cam0: !!opencv-matrix
   rows: 4
   cols: 4
   dt: d
   data: [ -1.5626308983640591e-04, 8.8986486947828514e-05,
       9.9999998383162603e-01, 8.9575240858508223e-02,
       -9.9999197716110322e-01, -4.0026624707403258e-03,
       -1.5590565581163895e-04, -4.1274018582194497e-03,
       4.0026485325270755e-03, -9.9999198535515821e-01,
       8.9611241428588784e-05, -3.4007566232946928e-03, 0., 0., 0., 1. ]
body_T_cam1: !!opencv-matrix
   rows: 4
   cols: 4
   dt: d
   data: [ -2.3890226887157695e-04, 9.9692654657979052e-05,
       9.9999996649353973e-01, 8.9562844435436606e-02,
       -9.9999235839065159e-01, -3.9020856723914754e-03,
       -2.3851144198627772e-04, -5.3527465759657493e-02,
       3.9020617638076960e-03, -9.9999238186537198e-01,
       1.0062410996625193e-04, -3.3317131952583126e-03, 0., 0., 0., 1. ]
